translation: 
  x: -0.03528364836810119
  y: -0.8899924565273498
  z: 0.5199620895203437
rotation: 
  x: -0.15756178890452707
  y: 0.212698913863979
  z: 0.6903460002989902
  w: 0.6733170535412542